00000000001000000100000000000000000
00000000001100001100000000000000000
00000000000111111000000000000000000
00001000000100001000000000001000000
00000110000101101000000000001000000
00000100000100001000000000110110000
00000000000111111000000000001000000
00000000000001100110000000001000000
00000000000001100100000000000000000
00000000000000000000000000000000000
00000000000000000000000000000000000
00000000010000000000000000000000000
00000000101001000000000000000000000
00000000011111000000000001000000000
00000000000000000000000001000000000
00000000000000000000000110110000000
00000000000000000000000001000000000
00000000000000000000000001000000000
00000100000100000100000000000000000
00001010000011001100011000000000000
00001011100010000110011000000000000
00111100100000000011000000000000000
00011011000000000010000000000000000
00001010000000010000000000000000000
00000100000000101000000000000000000
00000000000001100100000000100000000
00000000000000110100000000100000000
00000000000000001100000011011000000
00000000000000000000000000100000000
00000000000000000000000000100000000
00000000000000000000000000000000000
00000000000000000000000000000000000
00000000000000000000000000000000000
00000000000000000000000000000000000
00000000000000000000000000000000000
